k = zeros(10, 2, 2);

k(:,:,1) =[59.23, 6188
61.06, 6097
60.64, 6141
59.66, 6203
59.84, 6194
60.72, 6212
60.35, 6210
60.36, 6411
58.65, 6006
60.07, 6232]

k(:,:,2)=[59.34, 6240
60.28, 6242
59.75, 6182
59.71, 5974
59.85, 6156
60.5 , 6200
60.16, 6146
60.28, 6197
60.32, 6159
59.98, 6240]